\documentclass{article}
\usepackage{geometry}
\geometry{margin=1.5cm}
\begin{document}
\subsubsection{Initials}
Function:
\begin{equation}
w^{2} \left( -2 + y \right) + x^{2} \left( -3 + w \right) + y^{2} \left( -1 + x \right)
\end{equation}

Gradient Vector:
\begin{equation}
\left[
\begin{array}{c}
2 \left( -3 + w \right) x + y^{2} \\
w^{2} + 2 \left( -1 + x \right) y \\
2 w \left( -2 + y \right) + x^{2} \\
\end{array}
\right]
\end{equation}

Hession Matrix:
\begin{equation}
\left[
\begin{array}{ccc}
2 \left( -3 + w \right) & 2 y & 2 x \\
2 y & 2 \left( -1 + x \right) & 2 w \\
2 x & 2 w & 2 \left( -2 + y \right) \\
\end{array}
\right]
\end{equation}

Start Value:
(w => 1.0, y => 0.0, x => 1.0)
Function at point:
-4.0
\subsubsection{Iteration 1}
Gradient at (w => 1.0, y => 0.0, x => 1.0)
\begin{equation}
\left[
\begin{array}{c}
-4 \\
1 \\
-3 \\
\end{array}
\right]
\end{equation}

Hessian at (w => 1.0, y => 0.0, x => 1.0)
\begin{equation}
\left[
\begin{array}{ccc}
-4 & 0 & 2 \\
0 & 0 & 2 \\
2 & 2 & -4 \\
\end{array}
\right]
\end{equation}

Inverse of Hessian
\begin{equation}
\left[
\begin{array}{ccc}
-0.25 & 0.25 & 0 \\
0.25 & 0.75 & 0.5 \\
0 & 0.5 & -0 \\
\end{array}
\right]
\end{equation}

(w => 0.5, y => 1.75, x => -0.25)
Function at point:
\begin{equation}
-4.0469
\end{equation}

Diff of function values between two iterations:
\begin{equation}
0.046875
\end{equation}

\subsubsection{Iteration 2}
Gradient at (w => 0.5, y => 1.75, x => -0.25)
\begin{equation}
\left[
\begin{array}{c}
4.3125 \\
-4.125 \\
-0.1875 \\
\end{array}
\right]
\end{equation}

Hessian at (w => 0.5, y => 1.75, x => -0.25)
\begin{equation}
\left[
\begin{array}{ccc}
-5 & 3.5 & -0.5 \\
3.5 & -2.5 & 1 \\
-0.5 & 1 & -0.5 \\
\end{array}
\right]
\end{equation}

Inverse of Hessian
\begin{equation}
\left[
\begin{array}{ccc}
0.125 & 0.625 & 1.125 \\
0.625 & 1.125 & 1.625 \\
1.125 & 1.625 & 0.125 \\
\end{array}
\right]
\end{equation}

(w => 2.375, y => 4.0, x => 2.0)
Function at point:
\begin{equation}
24.781
\end{equation}

Diff of function values between two iterations:
\begin{equation}
28.828
\end{equation}

\subsubsection{Iteration 3}
Gradient at (w => 2.375, y => 4.0, x => 2.0)
\begin{equation}
\left[
\begin{array}{c}
13.5 \\
13.641 \\
13.5 \\
\end{array}
\right]
\end{equation}

Hessian at (w => 2.375, y => 4.0, x => 2.0)
\begin{equation}
\left[
\begin{array}{ccc}
-1.25 & 8 & 4 \\
8 & 2 & 4.75 \\
4 & 4.75 & 4 \\
\end{array}
\right]
\end{equation}

Inverse of Hessian
\begin{equation}
\left[
\begin{array}{ccc}
-0.42577 & -0.38008 & 0.87711 \\
-0.38008 & -0.61398 & 1.1092 \\
0.87711 & 1.1092 & -1.9443 \\
\end{array}
\right]
\end{equation}

(w => 1.6516388761991792, y => 2.5322064869803587, x => 1.0913659205116488)
Function at point:
\begin{equation}
0.43165
\end{equation}

Diff of function values between two iterations:
\begin{equation}
24.35
\end{equation}

\subsubsection{Iteration 4}
Gradient at (w => 1.6516388761991792, y => 2.5322064869803587, x => 1.0913659205116488)
\begin{equation}
\left[
\begin{array}{c}
3.469 \\
3.1906 \\
2.9491 \\
\end{array}
\right]
\end{equation}

Hessian at (w => 1.6516388761991792, y => 2.5322064869803587, x => 1.0913659205116488)
\begin{equation}
\left[
\begin{array}{ccc}
-2.6967 & 5.0644 & 2.1827 \\
5.0644 & 0.18273 & 3.3033 \\
2.1827 & 3.3033 & 1.0644 \\
\end{array}
\right]
\end{equation}

Inverse of Hessian
\begin{equation}
\left[
\begin{array}{ccc}
-0.1453 & 0.024668 & 0.2214 \\
0.024668 & -0.10351 & 0.27064 \\
0.2214 & 0.27064 & -0.3544 \\
\end{array}
\right]
\end{equation}

(w => 1.0653027177675614, y => 1.9787526896164094, x => 0.8637658180657077)
Function at point:
\begin{equation}
-2.001
\end{equation}

Diff of function values between two iterations:
\begin{equation}
2.4326
\end{equation}

\subsubsection{Iteration 5}
Gradient at (w => 1.0653027177675614, y => 1.9787526896164094, x => 0.8637658180657077)
\begin{equation}
\left[
\begin{array}{c}
0.57321 \\
0.59572 \\
0.70082 \\
\end{array}
\right]
\end{equation}

Hessian at (w => 1.0653027177675614, y => 1.9787526896164094, x => 0.8637658180657077)
\begin{equation}
\left[
\begin{array}{ccc}
-3.8694 & 3.9575 & 1.7275 \\
3.9575 & -0.27247 & 2.1306 \\
1.7275 & 2.1306 & -0.042495 \\
\end{array}
\right]
\end{equation}

Inverse of Hessian
\begin{equation}
\left[
\begin{array}{ccc}
-0.094073 & 0.079965 & 0.18496 \\
0.079965 & -0.058588 & 0.31333 \\
0.18496 & 0.31333 & -0.30349 \\
\end{array}
\right]
\end{equation}

(w => 0.9853183804875232, y => 1.7482324173687027, x => 0.7404263040235104)
Function at point:
\begin{equation}
-2.1423
\end{equation}

Diff of function values between two iterations:
\begin{equation}
0.14129
\end{equation}

\subsubsection{Iteration 6}
Gradient at (w => 0.9853183804875232, y => 1.7482324173687027, x => 0.7404263040235104)
\begin{equation}
\left[
\begin{array}{c}
0.07287 \\
0.063262 \\
0.052089 \\
\end{array}
\right]
\end{equation}

Hessian at (w => 0.9853183804875232, y => 1.7482324173687027, x => 0.7404263040235104)
\begin{equation}
\left[
\begin{array}{ccc}
-4.0294 & 3.4965 & 1.4809 \\
3.4965 & -0.51915 & 1.9706 \\
1.4809 & 1.9706 & -0.50354 \\
\end{array}
\right]
\end{equation}

Inverse of Hessian
\begin{equation}
\left[
\begin{array}{ccc}
-0.085635 & 0.11062 & 0.18108 \\
0.11062 & -0.0038774 & 0.31015 \\
0.18108 & 0.31015 & -0.23959 \\
\end{array}
\right]
\end{equation}

(w => 0.9649815248632138, y => 1.7242611657519602, x => 0.730235991788498)
Function at point:
\begin{equation}
-2.144
\end{equation}

Diff of function values between two iterations:
\begin{equation}
0.0016771
\end{equation}

\subsubsection{Iteration 7}
Gradient at (w => 0.9649815248632138, y => 1.7242611657519602, x => 0.730235991788498)
\begin{equation}
\left[
\begin{array}{c}
0.0009891 \\
0.00090214 \\
0.0010788 \\
\end{array}
\right]
\end{equation}

Hessian at (w => 0.9649815248632138, y => 1.7242611657519602, x => 0.730235991788498)
\begin{equation}
\left[
\begin{array}{ccc}
-4.07 & 3.4485 & 1.4605 \\
3.4485 & -0.53953 & 1.93 \\
1.4605 & 1.93 & -0.55148 \\
\end{array}
\right]
\end{equation}

Inverse of Hessian
\begin{equation}
\left[
\begin{array}{ccc}
-0.08339 & 0.11486 & 0.18111 \\
0.11486 & 0.0027144 & 0.31367 \\
0.18111 & 0.31367 & -0.23593 \\
\end{array}
\right]
\end{equation}

(w => 0.9647739419525763, y => 1.7238067081747834, x => 0.7300194636787573)
Function at point:
\begin{equation}
-2.144
\end{equation}

Diff of function values between two iterations:
\begin{equation}
4.2412 \cdot 10^{-7}
\end{equation}

\subsubsection{Iteration 8}
Gradient at (w => 0.9647739419525763, y => 1.7238067081747834, x => 0.7300194636787573)
\begin{equation}
\left[
\begin{array}{c}
2.9643 \cdot 10^{-7} \\
2.399 \cdot 10^{-7} \\
2.3556 \cdot 10^{-7} \\
\end{array}
\right]
\end{equation}

Hessian at (w => 0.9647739419525763, y => 1.7238067081747834, x => 0.7300194636787573)
\begin{equation}
\left[
\begin{array}{ccc}
-4.0705 & 3.4476 & 1.46 \\
3.4476 & -0.53996 & 1.9295 \\
1.46 & 1.9295 & -0.55239 \\
\end{array}
\right]
\end{equation}

Inverse of Hessian
\begin{equation}
\left[
\begin{array}{ccc}
-0.083365 & 0.11493 & 0.18111 \\
0.11493 & 0.0028418 & 0.3137 \\
0.18111 & 0.3137 & -0.23582 \\
\end{array}
\right]
\end{equation}

(w => 0.9647738685591329, y => 1.7238065995294303, x => 0.7300194181561234)
Function at point:
\begin{equation}
-2.144
\end{equation}

Diff of function values between two iterations:
\begin{equation}
2.8866 \cdot 10^{-14}
\end{equation}

\subsubsection{Iteration 9}
Gradient at (w => 0.9647738685591329, y => 1.7238065995294303, x => 0.7300194181561234)
\begin{equation}
\left[
\begin{array}{c}
1.9096 \cdot 10^{-14} \\
1.5099 \cdot 10^{-14} \\
1.8097 \cdot 10^{-14} \\
\end{array}
\right]
\end{equation}

Hessian at (w => 0.9647738685591329, y => 1.7238065995294303, x => 0.7300194181561234)
\begin{equation}
\left[
\begin{array}{ccc}
-4.0705 & 3.4476 & 1.46 \\
3.4476 & -0.53996 & 1.9295 \\
1.46 & 1.9295 & -0.55239 \\
\end{array}
\right]
\end{equation}

Inverse of Hessian
\begin{equation}
\left[
\begin{array}{ccc}
-0.083365 & 0.11493 & 0.18111 \\
0.11493 & 0.0028418 & 0.3137 \\
0.18111 & 0.3137 & -0.23582 \\
\end{array}
\right]
\end{equation}

(w => 0.964773868559129, y => 1.7238065995294223, x => 0.7300194181561199)
Function at point:
\begin{equation}
-2.144
\end{equation}

Diff of function values between two iterations:
\begin{equation}
4.4409 \cdot 10^{-16}
\end{equation}

\subsubsection{Iteration 10}
Gradient at (w => 0.964773868559129, y => 1.7238065995294223, x => 0.7300194181561199)
\begin{equation}
\left[
\begin{array}{c}
-8.8818 \cdot 10^{-16} \\
1.1102 \cdot 10^{-16} \\
-2.2204 \cdot 10^{-16} \\
\end{array}
\right]
\end{equation}

Hessian at (w => 0.964773868559129, y => 1.7238065995294223, x => 0.7300194181561199)
\begin{equation}
\left[
\begin{array}{ccc}
-4.0705 & 3.4476 & 1.46 \\
3.4476 & -0.53996 & 1.9295 \\
1.46 & 1.9295 & -0.55239 \\
\end{array}
\right]
\end{equation}

Inverse of Hessian
\begin{equation}
\left[
\begin{array}{ccc}
-0.083365 & 0.11493 & 0.18111 \\
0.11493 & 0.0028418 & 0.3137 \\
0.18111 & 0.3137 & -0.23582 \\
\end{array}
\right]
\end{equation}

(w => 0.9647738685591292, y => 1.7238065995294225, x => 0.7300194181561199)
Function at point:
\begin{equation}
-2.144
\end{equation}

Diff of function values between two iterations:
\begin{equation}
4.4409 \cdot 10^{-16}
\end{equation}

\end{document}
